27
27
0
6
0
0
0
0
479.5215808699
25
24
1
5
0
0
1
1
344.5939488532
6
6
0
4
0
0
0
0
3976.1920474917
44
39
5
8
0
0
0
0
254.7371977952
47
41
6
8
0
1
0
1
344.5939488532
22
22
0
3
0
0
0
0
729.5884664349
41
35
6
7
0
0
0
0
271.1822542091
21
20
1
4
0
1
0
1
5731.653219953
46
36
10
8
0
0
1
1
254.9277647959
48
41
7
8
1
2
1
4
554.0002987164
41
37
4
6
1
0
2
3
5242.6422483169
58
47
11
9
0
1
0
1
254.9277647959
41
34
7
7
0
0
1
1
3976.1920474917
50
38
12
8
0
2
4
6
429.7713922002
59
49
10
9
0
1
2
3
4869.5211887893
74
55
19
10
0
0
3
3
508.1110538936
